image: 2025_rmuc.pgm
resolution: 0.050000
origin: [-51.500000, -56.8500000, 0.000000]
negate: 0
occupied_thresh: 0.65
free_thresh: 0.196

