image: ./test2025.pgm
resolution: 0.010000
origin: [-25.600000, -5.000000, 0]
# origin: [-25.600000, -6.000000, 1.57]
negate: 0
occupied_thresh: 0.65
free_thresh: 0.196